[25, 13, 5, 3, 1]
[25, 13, 5, 4, 1]
[25, 13, 6, 3, 1]
[26, 25, 13, 5, 3, 1]
[26, 25, 13, 5, 4, 1]
[26, 25, 13, 6, 3, 1]
[27, 26, 25, 13, 5, 3, 1]
[27, 26, 25, 13, 5, 4, 1]
[27, 26, 25, 13, 6, 3, 1]
[28, 27, 26, 25, 13, 5, 3, 1]
[28, 27, 26, 25, 13, 5, 4, 1]
[28, 27, 26, 25, 13, 6, 3, 1]
[29, 30, 31, 14, 5, 3, 1]
[29, 30, 31, 14, 5, 4, 1]
[29, 30, 31, 14, 6, 3, 1]
[30, 31, 14, 5, 3, 1]
[30, 31, 14, 5, 4, 1]
[30, 31, 14, 6, 3, 1]
[31, 14, 5, 3, 1]
[31, 14, 5, 4, 1]
[31, 14, 6, 3, 1]
[32, 15, 5, 3, 1]
[32, 15, 5, 4, 1]
[32, 15, 6, 3, 1]
[33, 32, 15, 5, 3, 1]
[33, 32, 15, 5, 4, 1]
[33, 32, 15, 6, 3, 1]
[34, 33, 32, 15, 5, 3, 1]
[34, 33, 32, 15, 5, 4, 1]
[34, 33, 32, 15, 6, 3, 1]
[35, 34, 33, 32, 15, 5, 3, 1]
[35, 34, 33, 32, 15, 5, 4, 1]
[35, 36, 37, 38, 16, 8, 3, 1]
[36, 37, 38, 16, 7, 3, 1]
[36, 37, 38, 16, 7, 4, 1]
[36, 37, 38, 16, 8, 3, 1]
[37, 38, 16, 7, 3, 1]
[37, 38, 16, 7, 4, 1]
[37, 38, 16, 8, 3, 1]
[38, 16, 7, 3, 1]
[38, 16, 7, 4, 1]
[38, 16, 8, 3, 1]
[39, 17, 7, 3, 1]
[39, 17, 7, 4, 1]
[39, 17, 8, 3, 1]
[40, 39, 17, 7, 3, 1]
[40, 39, 17, 7, 4, 1]
[40, 39, 17, 8, 3, 1]
[41, 40, 39, 17, 7, 3, 1]
[41, 40, 39, 17, 7, 4, 1]
[41, 40, 39, 17, 8, 3, 1]
[42, 41, 40, 39, 17, 7, 3, 1]
[42, 41, 40, 39, 17, 7, 4, 1]
[42, 41, 40, 39, 17, 8, 3, 1]
[43, 44, 45, 46, 18, 7, 3, 1]
[43, 44, 45, 46, 18, 7, 4, 1]
[43, 44, 45, 46, 18, 9, 3, 1]
[44, 45, 46, 18, 7, 3, 1]
[44, 45, 46, 18, 7, 4, 1]
[44, 45, 46, 18, 9, 3, 1]
[45, 46, 18, 7, 3, 1]
[45, 46, 18, 7, 4, 1]
[45, 46, 18, 9, 3, 1]
[46, 18, 7, 3, 1]
[46, 18, 7, 4, 1]
[46, 18, 9, 3, 1]
[47, 19, 8, 3, 1]
[47, 19, 8, 4, 1]
[47, 19, 9, 3, 1]
[48, 47, 19, 8, 3, 1]
[48, 47, 19, 8, 4, 1]
[48, 47, 19, 9, 3, 1]
[49, 48, 47, 19, 8, 3, 1]
[49, 48, 47, 19, 8, 4, 1]
[49, 48, 47, 19, 9, 3, 1]
[50, 51, 52, 20, 9, 3, 1]
[50, 51, 52, 20, 9, 4, 1]
[50, 51, 52, 20, 10, 3, 1]
[51, 52, 20, 9, 3, 1]
[51, 52, 20, 9, 4, 1]
[51, 52, 20, 10, 3, 1]
[52, 20, 9, 3, 1]
[52, 20, 9, 4, 1]
[52, 20, 10, 3, 1]
[53, 21, 10, 3, 1]
[53, 21, 10, 4, 1]
[53, 21, 11, 3, 1]
[54, 53, 21, 10, 3, 1]
[54, 53, 21, 10, 4, 1]
[54, 53, 21, 11, 3, 1]
[55, 54, 53, 21, 10, 3, 1]
[55, 54, 53, 21, 10, 4, 1]
[55, 54, 53, 21, 11, 3, 1]
[56, 57, 58, 22, 10, 3, 1]
[56, 57, 58, 22, 10, 4, 1]
[56, 57, 58, 22, 12, 3, 1]
[57, 58, 22, 10, 3, 1]
[57, 58, 22, 10, 4, 1]
[57, 58, 22, 12, 3, 1]
[58, 22, 10, 3, 1]
[58, 22, 10, 4, 1]
[58, 22, 12, 3, 1]
[59, 23, 11, 3, 1]
[59, 23, 11, 4, 1]
[59, 23, 12, 3, 1]
[60, 59, 23, 11, 3, 1]
[60, 59, 23, 11, 4, 1]
[60, 59, 23, 12, 3, 1]
[61, 60, 59, 23, 11, 3, 1]
[61, 60, 59, 23, 11, 4, 1]
[61, 60, 59, 23, 12, 3, 1]
[62, 63, 64, 24, 11, 3, 1]
[62, 63, 64, 24, 11, 4, 1]
[62, 63, 64, 24, 12, 3, 1]
[63, 64, 24, 11, 3, 1]
[63, 64, 24, 11, 4, 1]
[63, 64, 24, 12, 3, 1]
[64, 24, 11, 3, 1]
[64, 24, 11, 4, 1]
[64, 24, 12, 3, 1]
[25, 13, 5, 3, 2]
[25, 13, 5, 4, 2]
[25, 13, 6, 3, 2]
[26, 25, 13, 5, 3, 2]
[26, 25, 13, 5, 4, 2]
[26, 25, 13, 6, 3, 2]
[27, 26, 25, 13, 5, 3, 2]
[27, 26, 25, 13, 5, 4, 2]
[27, 26, 25, 13, 6, 3, 2]
[28, 27, 26, 25, 13, 5, 3, 2]
[28, 27, 26, 25, 13, 5, 4, 2]
[28, 29, 30, 31, 14, 6, 3, 2]
[29, 30, 31, 14, 5, 3, 2]
[29, 30, 31, 14, 5, 4, 2]
[29, 30, 31, 14, 6, 3, 2]
[30, 31, 14, 5, 3, 2]
[30, 31, 14, 5, 4, 2]
[30, 31, 14, 6, 3, 2]
[31, 14, 5, 3, 2]
[31, 14, 5, 4, 2]
[31, 14, 6, 3, 2]
[32, 15, 5, 3, 2]
[32, 15, 5, 4, 2]
[32, 15, 6, 3, 2]
[33, 32, 15, 5, 3, 2]
[33, 32, 15, 5, 4, 2]
[33, 32, 15, 6, 3, 2]
[34, 33, 32, 15, 5, 3, 2]
[34, 33, 32, 15, 5, 4, 2]
[34, 33, 32, 15, 6, 3, 2]
[35, 34, 33, 32, 15, 5, 3, 2]
[35, 34, 33, 32, 15, 5, 4, 2]
[35, 36, 37, 38, 16, 8, 3, 2]
[36, 37, 38, 16, 7, 3, 2]
[36, 37, 38, 16, 7, 4, 2]
[36, 37, 38, 16, 8, 3, 2]
[37, 38, 16, 7, 3, 2]
[37, 38, 16, 7, 4, 2]
[37, 38, 16, 8, 3, 2]
[38, 16, 7, 3, 2]
[38, 16, 7, 4, 2]
[38, 16, 8, 3, 2]
[39, 17, 7, 3, 2]
[39, 17, 7, 4, 2]
[39, 17, 8, 3, 2]
[40, 39, 17, 7, 3, 2]
[40, 39, 17, 7, 4, 2]
[40, 39, 17, 8, 3, 2]
[41, 40, 39, 17, 7, 3, 2]
[41, 40, 39, 17, 7, 4, 2]
[41, 40, 39, 17, 8, 3, 2]
[42, 41, 40, 39, 17, 7, 3, 2]
[42, 41, 40, 39, 17, 7, 4, 2]
[42, 41, 40, 39, 17, 8, 3, 2]
[43, 44, 45, 46, 18, 7, 3, 2]
[43, 44, 45, 46, 18, 7, 4, 2]
[43, 44, 45, 46, 18, 9, 3, 2]
[44, 45, 46, 18, 7, 3, 2]
[44, 45, 46, 18, 7, 4, 2]
[44, 45, 46, 18, 9, 3, 2]
[45, 46, 18, 7, 3, 2]
[45, 46, 18, 7, 4, 2]
[45, 46, 18, 9, 3, 2]
[46, 18, 7, 3, 2]
[46, 18, 7, 4, 2]
[46, 18, 9, 3, 2]
[47, 19, 8, 3, 2]
[47, 19, 8, 4, 2]
[47, 19, 9, 3, 2]
[48, 47, 19, 8, 3, 2]
[48, 47, 19, 8, 4, 2]
[48, 47, 19, 9, 3, 2]
[49, 48, 47, 19, 8, 3, 2]
[49, 48, 47, 19, 8, 4, 2]
[49, 48, 47, 19, 9, 3, 2]
[50, 51, 52, 20, 9, 3, 2]
[50, 51, 52, 20, 9, 4, 2]
[50, 51, 52, 20, 10, 3, 2]
[51, 52, 20, 9, 3, 2]
[51, 52, 20, 9, 4, 2]
[51, 52, 20, 10, 3, 2]
[52, 20, 9, 3, 2]
[52, 20, 9, 4, 2]
[52, 20, 10, 3, 2]
[53, 21, 10, 3, 2]
[53, 21, 10, 4, 2]
[53, 21, 11, 3, 2]
[54, 53, 21, 10, 3, 2]
[54, 53, 21, 10, 4, 2]
[54, 53, 21, 11, 3, 2]
[55, 54, 53, 21, 10, 3, 2]
[55, 54, 53, 21, 10, 4, 2]
[55, 54, 53, 21, 11, 3, 2]
[56, 57, 58, 22, 10, 3, 2]
[56, 57, 58, 22, 10, 4, 2]
[56, 57, 58, 22, 12, 3, 2]
[57, 58, 22, 10, 3, 2]
[57, 58, 22, 10, 4, 2]
[57, 58, 22, 12, 3, 2]
[58, 22, 10, 3, 2]
[58, 22, 10, 4, 2]
[58, 22, 12, 3, 2]
[59, 23, 11, 3, 2]
[59, 23, 11, 4, 2]
[59, 23, 12, 3, 2]
[60, 59, 23, 11, 3, 2]
[60, 59, 23, 11, 4, 2]
[60, 59, 23, 12, 3, 2]
[61, 60, 59, 23, 11, 3, 2]
[61, 60, 59, 23, 11, 4, 2]
[61, 60, 59, 23, 12, 3, 2]
[62, 63, 64, 24, 11, 3, 2]
[62, 63, 64, 24, 11, 4, 2]
[62, 63, 64, 24, 12, 3, 2]
[63, 64, 24, 11, 3, 2]
[63, 64, 24, 11, 4, 2]
[63, 64, 24, 12, 3, 2]
[64, 24, 11, 3, 2]
[64, 24, 11, 4, 2]
[64, 24, 12, 3, 2]
